 row:                    1 value:  -1.8310546875000000E-004
 row:                    2 value:   359328079919.74188     
