 row:                    1 value:   8.8121310437257350E-002
 row:                    2 value:   1.3683291996967744     
