 row:                    1 value:   1.7438267605297320E-002
 row:                    2 value:   1.4333663776449099     
