 row:                    1 value:   9.3167367601847406E-003
 row:                    2 value:   1.5970645248182567     
