 row:                    1 value:  0.18322034974662282     
 row:                    2 value:   1.0470525760930565     
