 row:                    1 value:   2.6012898824163022E-002
 row:                    2 value:   1.2592778794150978     
