 row:                    1 value:   2.4847837667270944E-002
 row:                    2 value:   1.2747771094424543     
