 row:                    1 value:   1.0728836059570312E-006
 row:                    2 value:   624565378.00426650     
