 row:                    1 value:  -2.6702880859375000E-005
 row:                    2 value:   21344943815.819534     
