 row:                    1 value:  0.29400634765625000     
 row:                    2 value:   476020154332.62921     
