 row:                    1 value:  0.26925072287996621     
 row:                    2 value:   1.0047393787418735     
