 row:                    1 value:   4.8529011446479586E-002
 row:                    2 value:   1.2885348552795410     
