 row:                    1 value:   1.8931219548952605E-002
 row:                    2 value:   1.3685489494230434     
