 row:                    1 value:   4.5776367187500000E-005
 row:                    2 value:   54081024660.849480     
