 row:                    1 value:   2.1041259765625000     
 row:                    2 value:   734723443208.70190     
