 row:                    1 value:   1.5625000000000000E-002
 row:                    2 value:   560359920234.13586     
