 row:                    1 value:   6.4561767578125000     
 row:                    2 value:   963804692296.86353     
