 row:                    1 value:  0.35426490418339629     
 row:                    2 value:   1.0948273992671855     
