 row:                    1 value:   2.0503228616578273E-002
 row:                    2 value:   1.4818103863584648     
