 row:                    1 value:   7.1300952948132323E-003
 row:                    2 value:   1.5987049699670974     
