 row:                    1 value:   4.5675590362988849E-002
 row:                    2 value:   1.4931746349966484     
