 row:                    1 value:   7.5524755508562524E-003
 row:                    2 value:   1.5479135509813908     
