 row:                    1 value:   2.3841857910156250E-007
 row:                    2 value:   1149958924.0433822     
