 row:                    1 value:   3.8146972656250000E-005
 row:                    2 value:   60599174461.579666     
