 row:                    1 value:  -1.5258789062500000E-004
 row:                    2 value:   80666251404.365952     
