 row:                    1 value:   3.3619120872289576E-002
 row:                    2 value:   1.5850769864785048     
