 row:                    1 value:   2.5527590575209258E-002
 row:                    2 value:   1.4685559398636545     
