 row:                    1 value:   1.0173175471319018E-002
 row:                    2 value:   1.5570271803141684     
